function init_params2
np=10;
ne=16;
nb=2;
nf=1;
nodes = [
  1,0,0
  2,1,0
  3,2,0
  4,3.5,0
  5,4.0,0
  6,3.5,2
  7,2,2
  8,2,1
  9,1,2
  10,0,2
];
elems = [
  1,1,2,1,1
  2,2,3,1,1
  3,3,4,1,1
  4,4,5,1,1
  5,5,6,1,1
  6,6,4,1,1
  7,4,7,1,1
  8,7,8,1,1
  9,8,3,1,1
  10,9,8,1,1
  11,2,8,1,1
  12,2,9,1,1
  13,1,9,1,1
  14,6,7,1,1
  15,7,9,1,1
  16,9,10,1,1
];
cnsts = [
  1,1,1
  10,1,1
];
loads = [
  5,0.0,-0.005  
];

save exp2;


end